texto:
0
0
0
8
0
0
16
129
137
80
78
71
13
10
26
10
0
0
0
13
73
72
68
82
0
0
0
169
0
0
2
192
4
3
0
0
0
26
159
79
167
0
0
0
45
80
76
84
69
0
0
0
166
109
86
150
101
82
137
94
78
0
0
0
161
106
85
52
214
56
154
103
83
156
104
83
50
210
56
145
98
80
44
187
52
48
203
55
179
94
96
172
76
77
123
97
5
180
0
0
0
1
116
82
78
83
0
64
230
216
102
0
0
15
250
73
68
65
84
120
218
236
217
97
114
155
48
16
5
96
126
112
1
8
23
96
233
5
202
114
0
217
218
251
159
169
12
181
253
138
130
59
111
45
117
72
29
189
95
56
206
124
222
44
90
41
182
155
154
154
154
154
154
51
99
247
20
37
245
158
98
112
171
187
44
95
90
141
59
213
10
169
182
67
75
169
106
17
104
44
214
87
177
71
174
83
57
117
236
238
145
130
170
220
209
254
187
170
232
107
85
171
90
213
98
170
169
116
143
244
211
18
202
28
48
123
85
173
204
249
146
168
37
138
93
209
249
79
85
20
108
214
1
43
59
117
82
181
34
165
142
29
34
40
54
167
212
249
119
169
40
118
101
45
251
86
1
69
15
150
44
22
104
202
134
188
165
138
166
162
181
43
107
89
40
74
69
122
176
175
222
41
148
138
72
198
29
51
85
160
9
139
214
230
161
31
99
62
139
149
10
53
127
213
98
165
66
29
115
87
45
38
21
234
140
71
175
78
174
125
154
212
1
42
122
96
193
137
42
80
168
73
15
124
108
27
31
127
63
84
197
171
160
7
106
206
166
166
72
148
180
88
95
107
91
61
218
84
226
12
21
61
208
133
46
245
112
82
7
189
28
76
46
95
108
84
57
82
99
119
160
78
26
216
6
28
111
85
118
188
121
45
174
6
16
241
180
32
174
106
55
88
146
77
25
236
210
221
30
225
32
167
212
118
83
211
12
151
13
93
205
237
98
163
111
170
177
109
77
84
209
177
179
173
179
19
150
23
54
25
82
77
186
250
161
170
251
43
228
92
213
208
86
168
201
37
210
147
139
32
66
37
178
170
122
162
138
182
50
225
102
182
245
171
70
168
234
86
23
70
157
125
170
176
106
231
72
95
85
82
229
111
22
255
30
212
252
42
177
17
68
191
170
85
125
59
213
55
5
148
106
126
117
9
204
196
250
58
240
134
187
203
255
165
186
206
173
51
213
168
66
147
252
135
113
126
53
84
245
172
255
9
113
116
243
7
119
85
25
53
58
85
107
152
120
213
192
169
179
75
85
78
53
159
186
176
170
240
104
207
170
173
83
109
56
85
61
234
84
213
170
86
181
170
85
61
91
29
105
85
88
53
250
84
13
85
173
106
85
223
81
21
22
237
171
250
182
234
72
170
114
178
218
250
212
165
169
42
169
206
34
236
194
18
205
84
135
175
168
70
151
106
13
151
39
170
233
161
26
242
84
253
23
234
160
211
207
92
117
252
172
138
252
232
146
136
71
213
35
213
86
226
66
110
46
252
112
93
87
213
184
209
226
213
225
58
118
50
148
86
109
163
47
5
85
164
168
138
100
168
209
161
90
195
198
163
6
94
157
105
85
121
213
120
117
225
213
214
161
54
103
171
202
170
147
71
141
180
106
13
31
94
13
126
181
23
145
20
194
207
95
84
123
121
54
13
178
230
85
85
142
75
197
235
65
229
191
50
144
167
165
62
158
19
245
169
178
213
35
79
208
219
147
189
91
93
243
183
89
16
217
126
197
175
78
191
216
187
155
21
39
130
32
0
192
30
230
5
102
244
5
166
102
32
226
205
169
62
229
20
166
43
130
160
7
193
160
15
176
4
188
250
195
46
30
197
197
224
89
132
160
39
127
80
114
246
182
79
32
122
244
234
205
7
177
186
39
177
216
49
211
51
53
182
191
88
176
235
46
169
124
86
170
187
150
172
211
137
21
4
47
25
143
82
139
240
128
241
237
106
21
1
123
174
119
103
46
163
80
170
56
64
229
208
171
144
247
76
235
24
181
234
83
97
140
10
208
251
107
161
86
149
82
195
197
234
213
180
39
50
189
58
228
124
138
94
173
96
128
10
90
21
64
249
107
124
188
83
149
172
146
70
173
97
224
169
20
133
74
4
121
180
147
116
162
74
169
189
197
138
26
239
234
49
171
186
39
25
177
159
102
80
5
113
47
72
75
169
177
139
37
20
53
222
46
176
210
128
120
187
32
209
158
74
32
69
3
226
182
32
177
234
179
100
244
111
157
123
251
105
231
52
83
85
100
172
234
22
75
191
92
250
99
154
250
131
154
162
130
90
45
140
98
6
34
206
129
173
244
42
224
111
81
147
113
42
13
123
7
3
237
25
224
63
76
61
103
9
71
170
36
106
203
36
139
104
8
241
226
136
83
208
118
175
74
236
53
193
250
136
39
113
118
223
192
162
11
255
249
98
199
200
42
213
118
252
89
42
232
85
233
171
254
80
241
248
163
197
9
142
84
205
191
163
86
99
84
232
85
243
84
31
61
42
141
174
117
246
203
85
59
86
197
89
112
8
70
206
22
82
112
99
97
53
162
86
68
52
61
42
252
28
53
143
172
90
228
200
212
197
158
69
142
89
88
205
149
197
66
94
12
80
47
86
234
215
25
5
213
196
169
70
251
74
0
64
31
20
90
44
64
55
9
202
82
43
254
48
97
213
168
38
1
0
123
84
114
106
97
184
88
213
53
121
68
112
234
44
244
111
99
5
42
198
214
61
126
66
244
5
7
84
224
4
114
248
224
199
239
215
1
138
78
53
217
170
198
255
57
180
84
179
83
41
176
88
224
18
7
206
109
182
43
193
171
166
75
101
12
50
206
28
248
170
126
70
145
92
169
204
247
168
156
235
82
161
191
7
254
97
145
123
202
31
82
173
127
224
219
205
34
108
8
117
170
123
84
178
9
130
170
233
237
1
120
9
9
123
85
159
145
1
184
90
133
13
161
216
156
53
232
222
90
9
122
213
165
148
22
93
225
193
75
70
133
55
209
55
160
81
77
80
205
0
44
26
236
102
97
139
18
53
235
27
82
183
41
187
28
218
178
144
239
41
180
65
179
166
14
121
155
143
206
197
146
55
172
32
223
103
9
247
83
127
247
53
58
180
150
157
34
203
213
177
88
178
20
53
54
139
214
142
2
93
152
186
144
21
149
229
10
188
249
72
214
220
21
80
220
150
105
13
249
12
185
135
52
118
207
100
157
218
55
126
202
37
170
134
52
228
226
244
230
147
233
218
187
88
82
108
3
21
68
216
10
67
53
19
40
165
202
114
5
218
42
197
250
251
149
212
14
223
7
41
53
212
88
43
109
149
98
81
250
73
236
215
208
132
220
40
119
216
171
38
216
86
183
157
219
31
205
46
104
171
38
184
88
105
51
182
162
30
30
30
126
175
146
111
128
148
209
165
114
146
164
53
197
122
114
117
216
98
11
95
234
169
113
222
171
82
91
77
119
197
30
173
86
171
71
142
221
85
125
123
87
106
254
157
58
235
220
2
146
70
142
157
172
86
139
155
174
216
163
7
140
78
142
142
111
174
124
169
84
75
186
108
130
238
55
96
147
78
185
153
125
203
234
194
169
171
149
43
149
191
185
249
192
61
134
186
157
238
84
106
169
184
79
5
175
30
51
228
213
7
172
46
248
155
71
78
133
125
170
9
171
178
103
55
171
5
199
35
167
174
14
207
223
115
223
60
150
189
218
171
202
98
137
10
132
155
215
14
186
209
168
171
133
139
11
104
106
81
3
155
192
158
82
101
108
141
221
188
184
231
139
229
70
172
142
154
186
47
32
201
176
6
46
121
138
218
110
129
221
188
97
181
137
21
203
141
106
165
212
30
181
201
107
23
75
211
111
42
23
203
159
121
229
54
166
150
82
3
63
9
146
78
181
156
190
225
2
119
197
54
45
126
105
160
75
165
208
79
1
105
65
105
55
199
139
107
78
187
206
213
250
6
220
71
130
253
201
136
38
180
5
36
17
236
244
252
130
89
175
46
230
252
113
88
96
189
79
77
7
168
146
57
157
28
95
91
92
159
47
104
238
213
27
172
74
110
159
42
157
106
55
107
194
45
96
245
242
156
109
86
111
203
18
180
213
226
180
106
67
234
155
35
126
248
79
104
77
115
34
110
192
157
144
138
179
208
198
18
21
120
102
143
83
58
184
188
94
211
165
3
86
17
171
142
220
193
106
234
84
30
169
75
203
245
251
245
193
242
96
238
26
32
109
29
175
22
155
243
94
125
186
228
152
63
42
56
53
138
58
57
102
181
137
249
109
140
161
102
0
155
9
53
234
193
114
73
119
164
173
125
106
18
74
45
167
19
162
70
189
180
124
242
18
209
116
23
192
55
134
134
64
2
74
124
243
240
201
210
7
171
175
44
154
174
84
157
58
189
251
116
121
64
172
222
162
39
20
71
205
74
196
242
18
247
212
169
235
103
39
78
77
163
168
211
111
234
201
187
62
53
60
176
146
203
183
190
90
251
190
174
159
159
188
67
172
37
51
52
178
97
53
35
68
195
243
202
241
252
195
9
161
169
211
24
106
201
55
19
177
251
241
227
135
19
254
18
52
106
218
153
92
186
182
19
209
149
143
31
222
217
174
29
192
145
105
85
14
2
186
242
142
48
158
106
177
9
114
189
80
168
85
64
205
160
46
112
23
80
135
18
97
184
154
2
193
14
173
202
58
143
165
150
32
42
196
82
179
242
91
11
128
32
213
168
121
40
155
88
53
196
106
25
82
83
149
154
122
149
190
56
181
206
227
169
37
161
33
114
159
32
162
10
100
233
243
213
79
150
234
136
106
6
96
136
174
126
146
103
109
10
53
156
78
100
25
205
163
170
5
162
197
216
42
7
218
42
178
154
54
170
160
113
212
108
171
166
127
129
154
54
106
254
95
141
172
166
78
205
211
223
175
82
60
213
136
154
68
84
207
252
87
79
169
240
227
106
246
19
85
9
219
171
102
96
146
10
250
213
153
78
45
76
130
90
21
227
168
197
127
85
169
130
87
115
149
74
172
230
97
21
89
173
122
114
90
135
202
146
104
234
153
95
160
86
81
84
212
169
254
88
182
173
64
167
202
200
234
212
240
139
187
99
169
51
157
90
56
21
255
12
21
195
42
108
213
92
49
90
49
213
192
24
104
85
25
2
141
154
237
84
80
168
50
6
193
211
98
132
85
88
69
189
202
73
122
21
1
198
170
210
165
182
106
131
141
133
157
42
57
131
254
135
155
56
234
76
167
22
141
138
106
149
235
8
15
172
255
171
131
139
181
87
133
31
81
179
125
42
197
80
77
91
77
130
42
124
83
243
158
39
132
154
13
11
184
85
171
128
90
116
168
249
15
168
48
70
53
62
73
173
218
128
154
137
10
154
209
10
111
216
172
216
169
8
67
183
171
168
48
94
205
244
42
136
10
249
31
160
126
109
239
110
143
220
132
129
48
0
251
7
13
72
161
1
189
208
64
36
23
128
97
251
175
41
130
124
44
8
129
118
225
50
102
124
48
99
79
38
104
159
200
171
15
132
46
103
98
196
158
74
252
251
157
194
238
202
170
219
27
90
187
131
11
7
212
240
79
245
74
117
208
168
226
103
157
157
87
187
255
171
202
126
118
56
87
177
217
5
196
42
15
45
110
82
157
90
157
84
99
153
188
234
79
168
225
18
170
197
66
197
215
169
196
67
69
174
242
188
93
88
67
179
186
63
103
255
127
53
228
85
142
216
28
6
104
182
84
58
167
62
243
106
181
173
62
185
204
182
250
216
84
113
76
181
111
80
189
68
21
119
87
110
138
210
175
108
15
155
106
167
83
145
168
78
164
150
182
183
209
204
213
0
151
191
27
185
136
58
139
32
181
90
109
170
179
50
155
234
99
71
197
70
199
218
237
90
118
87
29
178
106
179
84
67
94
37
221
239
134
98
165
186
236
92
169
83
147
136
225
144
234
14
168
72
213
114
39
64
72
84
239
178
93
64
165
218
181
10
189
10
253
70
165
45
169
65
173
242
236
170
233
4
104
82
53
228
212
238
34
106
151
148
209
171
30
78
173
2
65
173
134
149
234
149
42
169
85
158
93
85
93
107
21
65
172
38
29
75
167
38
101
46
162
174
187
150
205
169
88
169
157
82
109
214
106
208
170
180
170
72
118
75
81
249
248
208
234
160
250
80
169
22
89
21
215
84
57
103
73
238
149
170
43
68
84
137
138
178
58
28
82
169
248
85
52
122
53
166
254
18
106
126
251
243
188
74
235
220
159
86
115
17
167
85
32
167
122
56
181
10
157
106
245
170
221
80
205
55
82
51
19
50
93
71
117
186
12
152
171
168
49
36
163
66
169
86
225
144
250
84
171
180
42
115
94
205
206
175
112
90
213
235
85
188
65
229
171
242
190
154
89
15
40
87
111
77
70
245
128
122
77
216
190
74
106
242
121
168
172
122
96
174
246
77
246
71
183
203
50
128
64
165
121
53
178
234
226
3
213
69
181
26
213
150
213
126
75
197
76
5
80
250
238
164
133
90
99
83
109
151
234
179
168
114
61
8
145
205
170
156
2
219
11
84
204
213
126
75
245
192
66
109
4
106
203
159
45
171
250
224
237
191
66
45
142
168
248
2
213
3
156
179
26
14
22
129
86
253
196
195
68
149
115
15
20
85
78
172
133
115
185
187
184
73
5
231
94
160
58
0
92
215
205
123
67
180
172
58
129
106
44
171
219
247
177
150
85
99
118
84
158
58
209
202
213
122
12
216
105
45
142
128
251
211
188
59
170
249
91
215
73
13
2
213
254
81
123
183
163
254
77
19
204
7
170
166
157
169
153
81
48
87
107
39
80
7
86
121
161
181
177
204
98
181
116
115
120
84
237
4
106
189
187
128
165
133
106
196
170
93
168
187
207
194
181
199
212
102
173
6
173
74
30
233
230
227
222
138
136
179
164
122
38
134
45
175
52
121
114
209
168
235
106
28
83
203
247
5
90
117
144
169
202
111
152
102
181
124
39
207
106
167
85
115
119
113
106
149
142
168
237
27
212
195
25
208
170
200
169
94
175
38
17
89
53
29
41
90
53
219
95
245
170
135
98
20
112
153
226
144
213
171
207
135
90
165
85
145
99
170
96
247
81
175
58
165
10
189
154
191
22
124
180
26
244
106
35
84
139
87
238
91
189
213
67
170
100
165
169
87
37
171
98
189
186
191
130
191
213
91
189
174
218
172
84
124
133
250
76
75
220
234
121
213
228
84
119
21
213
67
167
90
132
15
87
145
170
254
86
175
163
6
236
63
253
101
72
213
230
86
223
169
58
149
138
91
149
169
126
53
116
246
7
95
184
213
3
170
89
171
238
11
84
219
36
42
204
85
212
65
175
10
30
110
119
68
237
36
42
52
170
189
213
131
42
150
170
63
162
210
74
77
191
14
72
245
63
117
121
24
72
85
190
108
125
182
106
82
213
125
186
58
168
85
122
148
15
189
218
221
234
59
85
167
80
33
83
41
120
149
26
158
18
181
82
171
143
91
253
48
53
198
65
162
242
149
226
86
223
169
6
141
218
8
85
10
112
37
85
255
124
238
74
169
62
132
170
87
168
225
74
106
118
157
117
94
109
150
106
208
170
92
157
178
202
31
228
19
213
32
87
155
143
84
147
137
32
36
234
79
229
52
192
29
86
164
114
119
213
171
118
185
228
161
224
143
170
88
170
139
147
75
181
121
187
234
203
170
62
3
131
66
165
135
244
208
168
157
66
133
76
181
23
80
131
84
109
52
42
164
42
26
149
234
68
42
84
106
144
170
154
12
84
114
245
249
184
146
138
149
234
228
170
48
50
253
23
117
42
36
170
253
38
106
186
251
120
53
53
200
212
70
165
14
98
149
68
32
79
4
187
42
79
3
74
117
103
175
248
91
168
94
164
134
91
213
170
40
171
86
173
6
137
218
232
84
146
170
79
141
90
137
213
135
70
21
230
245
147
85
89
94
47
161
14
66
149
30
154
67
168
242
32
80
223
202
166
235
172
159
218
155
88
174
171
76
13
103
212
121
44
157
84
11
59
79
122
181
146
170
164
29
91
174
184
247
134
35
35
182
168
218
115
234
115
126
230
106
234
32
85
67
247
118
117
145
1
155
168
230
75
242
106
155
133
138
227
234
32
83
149
51
161
80
85
207
3
18
181
145
170
28
236
246
90
139
239
196
116
137
157
171
52
63
49
87
233
161
59
72
50
187
180
157
82
173
88
77
174
91
115
85
204
113
112
241
106
136
167
90
133
64
213
215
85
114
229
190
136
58
72
212
166
187
213
75
168
189
68
133
82
173
100
247
134
207
239
162
46
86
154
103
84
136
212
86
167
14
50
181
233
244
106
126
253
122
74
221
218
103
31
48
59
165
84
123
153
138
11
168
85
239
36
170
1
169
84
176
106
18
117
113
170
213
169
70
164
218
11
168
189
84
69
247
110
181
130
147
169
6
237
187
213
30
210
239
174
183
232
20
99
64
170
26
144
88
69
89
213
167
128
146
64
204
85
159
170
157
60
173
37
85
159
216
10
75
213
38
106
114
178
149
38
192
108
7
86
72
207
10
83
64
78
163
26
153
90
245
88
169
28
72
88
157
165
29
108
47
174
97
117
64
230
223
20
85
213
105
84
3
144
172
170
37
85
95
217
30
78
167
26
160
147
116
86
169
202
149
149
39
192
254
11
95
170
142
207
115
10
196
109
53
241
112
89
21
110
196
156
180
189
200
115
85
240
50
118
75
133
49
61
192
43
206
78
180
45
128
8
182
81
109
39
131
56
136
166
185
183
141
32
69
213
58
201
70
1
121
152
122
26
47
211
203
160
117
217
177
213
194
153
186
199
244
50
53
47
70
119
171
138
182
55
22
175
241
15
148
83
107
26
203
69
209
18
92
177
178
228
167
144
169
138
182
37
50
160
252
19
114
234
222
213
68
152
42
29
203
239
86
182
34
234
45
81
109
209
82
31
193
169
190
64
170
142
77
216
99
164
17
101
212
245
20
181
89
217
72
57
219
3
17
197
216
86
227
27
114
42
28
33
210
244
187
36
208
27
128
186
157
13
55
26
213
241
109
108
3
208
88
231
62
81
169
159
254
30
166
182
192
239
242
47
139
64
219
155
131
117
44
111
234
23
218
158
12
250
88
95
162
23
18
213
17
189
12
33
166
182
39
56
50
150
136
114
91
134
188
103
63
181
105
164
95
241
69
104
77
60
126
96
222
20
228
209
152
120
212
104
137
200
140
47
99
198
116
133
141
246
26
162
250
26
35
104
140
50
127
223
2
90
154
183
40
154
159
243
243
245
20
18
213
144
87
105
60
94
83
145
169
190
241
109
244
159
68
201
143
20
163
90
211
239
34
127
74
79
161
51
245
23
113
200
17
68
186
225
244
188
0
0
0
0
73
69
78
68
174
66
96
130
